# Clean PP ligand formatted with RDKit 
     RDKit          3D

 83 82  0  0  0  0  0  0  0  0999 V2000
   -7.2346   -0.4197    3.3503 C   0  0  0  0  0  0  0  0  0  0  0  0
   -6.4900    0.1375    2.1286 C   0  0  0  0  0  0  0  0  0  0  0  0
   -7.1810    1.4117    1.6428 C   0  0  0  0  0  0  0  0  0  0  0  0
   -6.4252   -0.9527    1.0311 C   0  0  0  0  0  0  0  0  0  0  0  0
   -5.7190   -0.5574   -0.2866 C   0  0  0  0  0  0  0  0  0  0  0  0
   -6.0642   -1.6201   -1.3457 C   0  0  0  0  0  0  0  0  0  0  0  0
   -4.1850   -0.4465   -0.1185 C   0  0  0  0  0  0  0  0  0  0  0  0
   -3.4899    0.6536   -0.9595 C   0  0  0  0  0  0  0  0  0  0  0  0
   -3.9482    0.7725   -2.4141 C   0  0  0  0  0  0  0  0  0  0  0  0
   -1.9434    0.5808   -0.8419 C   0  0  0  0  0  0  0  0  0  0  0  0
   -1.1945   -0.3262   -1.8433 C   0  0  0  0  0  0  0  0  0  0  0  0
   -1.5143   -1.8139   -1.6817 C   0  0  0  0  0  0  0  0  0  0  0  0
    0.3301   -0.0591   -1.8990 C   0  0  0  0  0  0  0  0  0  0  0  0
    1.2378   -0.1507   -0.6500 C   0  0  0  0  0  0  0  0  0  0  0  0
    1.0188   -1.4054    0.1902 C   0  0  0  0  0  0  0  0  0  0  0  0
    1.2101    1.1296    0.2123 C   0  0  0  0  0  0  0  0  0  0  0  0
    2.4409    1.2926    1.1468 C   0  0  0  0  0  0  0  0  0  0  0  0
    1.9592    1.7056    2.5431 C   0  0  0  0  0  0  0  0  0  0  0  0
    3.4366    2.3518    0.6270 C   0  0  0  0  0  0  0  0  0  0  0  0
    4.2662    1.9519   -0.6168 C   0  0  0  0  0  0  0  0  0  0  0  0
    4.9183    3.2205   -1.1949 C   0  0  0  0  0  0  0  0  0  0  0  0
    5.3832    0.9213   -0.2877 C   0  0  0  0  0  0  0  0  0  0  0  0
    5.0901   -0.5430   -0.6791 C   0  0  0  0  0  0  0  0  0  0  0  0
    4.9573   -0.6963   -2.2016 C   0  0  0  0  0  0  0  0  0  0  0  0
    6.2065   -1.4923   -0.1891 C   0  0  0  0  0  0  0  0  0  0  0  0
    6.2196   -1.6926    1.3285 C   0  0  0  0  0  0  0  0  0  0  0  0
    7.2772   -2.7046    1.7365 C   0  0  0  0  0  0  0  0  0  0  0  0
   -6.7309   -1.3110    3.7341 H   0  0  0  0  0  0  0  0  0  0  0  0
   -8.2626   -0.6904    3.0960 H   0  0  0  0  0  0  0  0  0  0  0  0
   -7.2702    0.3149    4.1666 H   0  0  0  0  0  0  0  0  0  0  0  0
   -5.4769    0.3978    2.4572 H   0  0  0  0  0  0  0  0  0  0  0  0
   -6.5508    1.9535    0.9258 H   0  0  0  0  0  0  0  0  0  0  0  0
   -7.3716    2.0927    2.4776 H   0  0  0  0  0  0  0  0  0  0  0  0
   -8.1424    1.1872    1.1602 H   0  0  0  0  0  0  0  0  0  0  0  0
   -7.4561   -1.2598    0.7997 H   0  0  0  0  0  0  0  0  0  0  0  0
   -5.9350   -1.8432    1.4442 H   0  0  0  0  0  0  0  0  0  0  0  0
   -6.1294    0.3967   -0.6273 H   0  0  0  0  0  0  0  0  0  0  0  0
   -7.1462   -1.6465   -1.5209 H   0  0  0  0  0  0  0  0  0  0  0  0
   -5.5877   -1.4118   -2.3119 H   0  0  0  0  0  0  0  0  0  0  0  0
   -5.7511   -2.6179   -1.0167 H   0  0  0  0  0  0  0  0  0  0  0  0
   -3.7376   -1.4248   -0.3203 H   0  0  0  0  0  0  0  0  0  0  0  0
   -3.9453   -0.2385    0.9353 H   0  0  0  0  0  0  0  0  0  0  0  0
   -3.7774    1.6013   -0.4842 H   0  0  0  0  0  0  0  0  0  0  0  0
   -3.3864    1.5547   -2.9327 H   0  0  0  0  0  0  0  0  0  0  0  0
   -5.0038    1.0527   -2.4843 H   0  0  0  0  0  0  0  0  0  0  0  0
   -3.8206   -0.1619   -2.9750 H   0  0  0  0  0  0  0  0  0  0  0  0
   -1.6807    0.3016    0.1864 H   0  0  0  0  0  0  0  0  0  0  0  0
   -1.5663    1.6044   -0.9805 H   0  0  0  0  0  0  0  0  0  0  0  0
   -1.5329   -0.0572   -2.8541 H   0  0  0  0  0  0  0  0  0  0  0  0
   -0.7950   -2.4451   -2.2128 H   0  0  0  0  0  0  0  0  0  0  0  0
   -2.4997   -2.0377   -2.1078 H   0  0  0  0  0  0  0  0  0  0  0  0
   -1.5474   -2.1166   -0.6366 H   0  0  0  0  0  0  0  0  0  0  0  0
    0.4738    0.9333   -2.3516 H   0  0  0  0  0  0  0  0  0  0  0  0
    0.7423   -0.7553   -2.6437 H   0  0  0  0  0  0  0  0  0  0  0  0
    2.2461   -0.2278   -1.0654 H   0  0  0  0  0  0  0  0  0  0  0  0
    0.0817   -1.3567    0.7483 H   0  0  0  0  0  0  0  0  0  0  0  0
    1.8209   -1.5366    0.9259 H   0  0  0  0  0  0  0  0  0  0  0  0
    1.0086   -2.3034   -0.4387 H   0  0  0  0  0  0  0  0  0  0  0  0
    1.1310    2.0095   -0.4374 H   0  0  0  0  0  0  0  0  0  0  0  0
    0.2993    1.1189    0.8208 H   0  0  0  0  0  0  0  0  0  0  0  0
    2.9652    0.3429    1.2690 H   0  0  0  0  0  0  0  0  0  0  0  0
    1.4049    2.6464    2.5003 H   0  0  0  0  0  0  0  0  0  0  0  0
    2.8082    1.8390    3.2251 H   0  0  0  0  0  0  0  0  0  0  0  0
    1.3136    0.9310    2.9672 H   0  0  0  0  0  0  0  0  0  0  0  0
    4.1310    2.6160    1.4317 H   0  0  0  0  0  0  0  0  0  0  0  0
    2.8753    3.2701    0.4090 H   0  0  0  0  0  0  0  0  0  0  0  0
    3.5924    1.5777   -1.3866 H   0  0  0  0  0  0  0  0  0  0  0  0
    5.4522    2.9914   -2.1252 H   0  0  0  0  0  0  0  0  0  0  0  0
    4.1619    3.9733   -1.4231 H   0  0  0  0  0  0  0  0  0  0  0  0
    5.6327    3.6594   -0.4884 H   0  0  0  0  0  0  0  0  0  0  0  0
    5.6047    0.9768    0.7830 H   0  0  0  0  0  0  0  0  0  0  0  0
    6.3156    1.2170   -0.7903 H   0  0  0  0  0  0  0  0  0  0  0  0
    4.1554   -0.8667   -0.2180 H   0  0  0  0  0  0  0  0  0  0  0  0
    5.8894   -0.4263   -2.7115 H   0  0  0  0  0  0  0  0  0  0  0  0
    4.1608   -0.0733   -2.6142 H   0  0  0  0  0  0  0  0  0  0  0  0
    4.7190   -1.7336   -2.4669 H   0  0  0  0  0  0  0  0  0  0  0  0
    6.0736   -2.4711   -0.6610 H   0  0  0  0  0  0  0  0  0  0  0  0
    7.1808   -1.1106   -0.5201 H   0  0  0  0  0  0  0  0  0  0  0  0
    5.2389   -2.0557    1.6569 H   0  0  0  0  0  0  0  0  0  0  0  0
    6.4108   -0.7511    1.8509 H   0  0  0  0  0  0  0  0  0  0  0  0
    7.2996   -2.8109    2.8287 H   0  0  0  0  0  0  0  0  0  0  0  0
    7.0817   -3.6892    1.2996 H   0  0  0  0  0  0  0  0  0  0  0  0
    8.2701   -2.3784    1.4133 H   0  0  0  0  0  0  0  0  0  0  0  0
  1  2  1  0
  2  3  1  0
  2  4  1  0
  4  5  1  0
  5  6  1  0
  5  7  1  0
  7  8  1  0
  8  9  1  0
  8 10  1  0
 10 11  1  0
 11 12  1  0
 11 13  1  0
 13 14  1  0
 14 15  1  0
 14 16  1  0
 16 17  1  0
 17 18  1  0
 17 19  1  0
 19 20  1  0
 20 21  1  0
 20 22  1  0
 22 23  1  0
 23 24  1  0
 23 25  1  0
 25 26  1  0
 26 27  1  0
  1 28  1  0
  1 29  1  0
  1 30  1  0
  2 31  1  0
  3 32  1  0
  3 33  1  0
  3 34  1  0
  4 35  1  0
  4 36  1  0
  5 37  1  0
  6 38  1  0
  6 39  1  0
  6 40  1  0
  7 41  1  0
  7 42  1  0
  8 43  1  0
  9 44  1  0
  9 45  1  0
  9 46  1  0
 10 47  1  0
 10 48  1  0
 11 49  1  0
 12 50  1  0
 12 51  1  0
 12 52  1  0
 13 53  1  0
 13 54  1  0
 14 55  1  0
 15 56  1  0
 15 57  1  0
 15 58  1  0
 16 59  1  0
 16 60  1  0
 17 61  1  0
 18 62  1  0
 18 63  1  0
 18 64  1  0
 19 65  1  0
 19 66  1  0
 20 67  1  0
 21 68  1  0
 21 69  1  0
 21 70  1  0
 22 71  1  0
 22 72  1  0
 23 73  1  0
 24 74  1  0
 24 75  1  0
 24 76  1  0
 25 77  1  0
 25 78  1  0
 26 79  1  0
 26 80  1  0
 27 81  1  0
 27 82  1  0
 27 83  1  0
M  END
$$$$
